[N
392
119
24 charge_pump_current_bits
94
14 c2_test_source
252
6 g2_low
380
13 port_scanread
89
14 c3_use_casc_in
161
23 using_fbmimicbidir_port
138
19 scan_chain_mif_file
244
6 c6_low
176
16 clk7_phase_shift
376
11 port_areset
86
12 clk4_counter
56
7 c0_high
283
7 g3_mode
204
17 extclk3_divide_by
320
15 extclk3_counter
88
14 c2_use_casc_in
225
2 m2
279
7 l1_mode
296
5 g1_ph
259
10 c6_initial
188
15 clk6_duty_cycle
226
2 n2
162
13 source_is_pll
127
32 test_counter_c4_delay_chain_bits
200
19 extclk3_multiply_by
221
20 sclkout1_phase_shift
315
14 c5_use_casc_in
30
14 clk1_divide_by
273
7 c5_mode
326
12 clk7_counter
255
6 e1_low
54
1 m
55
1 n
392
15 port_scanclkena
110
26 clk3_use_even_counter_mode
23
21 clk0_output_frequency
35
14 clk2_divide_by
239
7 e0_high
343
15 port_extclkena0
344
15 port_extclkena1
102
19 charge_pump_current
346
15 port_extclkena3
90
14 c4_use_casc_in
299
5 e0_ph
141
14 use_vco_bypass
345
15 port_extclkena2
7
22 inclk0_input_frequency
61
7 c1_high
121
18 loop_filter_c_bits
317
14 c7_use_casc_in
185
15 clk9_duty_cycle
4
14 operation_mode
128
32 test_counter_c5_delay_chain_bits
136
28 vco_range_detector_high_bits
57
6 c0_low
152
22 switch_over_on_lossclk
268
10 g3_initial
294
5 l1_ph
235
7 g0_high
227
2 ss
377
11 port_pfdena
316
14 c6_use_casc_in
274
7 c6_mode
302
5 e3_ph
28
21 clk1_output_frequency
70
5 c2_ph
26
16 clk0_phase_shift
240
7 e1_high
15
15 use_dc_coupling
213
18 extclk2_time_delay
270
10 e1_initial
145
17 qualify_conf_done
363
13 port_scandone
66
7 c2_high
319
14 c9_use_casc_in
13
9 bandwidth
220
20 sclkout0_phase_shift
171
14 clk7_divide_by
117
24 init_block_reset_a_count
31
16 clk1_phase_shift
142
6 altpll
190
26 clk9_use_even_counter_mode
186
15 clk8_duty_cycle
203
19 extclk0_multiply_by
384
11 port_locked
125
32 test_counter_c2_delay_chain_bits
149
17 gate_lock_counter
318
14 c8_use_casc_in
328
12 clk5_counter
275
7 c7_mode
251
6 g1_low
236
7 g1_high
135
23 test_volt_reg_test_mode
2
17 mf_cycloneiii_pll
361
13 port_scandata
202
19 extclk1_multiply_by
374
11 port_pllena
198
27 clk6_use_even_counter_value
258
10 c5_initial
351
9 port_clk0
352
9 port_clk1
353
9 port_clk2
354
9 port_clk3
355
9 port_clk4
241
7 e2_high
357
9 port_clk6
358
9 port_clk7
359
9 port_clk8
360
9 port_clk9
243
6 c5_low
71
7 c3_high
201
19 extclk2_multiply_by
356
9 port_clk5
368
16 port_activeclock
14
14 bandwidth_type
288
5 c5_ph
347
12 port_extclk0
348
12 port_extclk1
349
12 port_extclk2
350
12 port_extclk3
264
10 l1_initial
42
15 clk3_duty_cycle
378
12 port_scanclk
25
14 clk0_divide_by
254
6 e0_low
129
31 test_counter_m_delay_chain_bits
1
57 C:/intelFPGA_lite/24.1std/questa_fse/intel/vhdl/altera_mf
233
7 l0_high
276
7 c8_mode
372
9 port_fbin
111
26 clk4_use_even_counter_mode
237
7 g2_high
173
14 clk5_divide_by
197
27 clk7_use_even_counter_value
267
10 g2_initial
390
17 port_vcooverrange
181
15 clk3_time_delay
242
7 e3_high
222
15 dpa_multiply_by
388
14 port_phasestep
76
7 c4_high
389
16 port_phaseupdown
16
6 lock_c
269
10 e0_initial
150
21 valid_lock_multiplier
137
27 vco_range_detector_low_bits
313
12 m_time_delay
37
15 clk2_duty_cycle
91
13 m_test_source
6
16 compensate_clock
217
18 extclk2_duty_cycle
379
13 port_scanaclr
17
29 sim_gate_lock_device_behavior
234
7 l1_high
277
7 c9_mode
238
7 g3_high
291
5 c8_ph
84
12 clk2_counter
196
27 clk8_use_even_counter_value
78
10 c4_initial
172
14 clk6_divide_by
182
15 clk2_time_delay
228
7 c5_high
153
25 switch_over_on_gated_lock
87
14 c1_use_casc_in
382
12 port_enable0
383
12 port_enable1
106
15 simulation_type
250
6 g0_low
189
15 clk5_duty_cycle
22
23 test_bypass_lock_detect
308
13 g3_time_delay
77
6 c4_low
263
10 l0_initial
156
16 spread_frequency
223
13 dpa_divide_by
195
27 clk9_use_even_counter_value
122
18 loop_filter_r_bits
362
16 port_scandataout
297
5 g2_ph
179
15 clk5_time_delay
391
18 port_vcounderrange
300
5 e1_ph
60
5 c0_ph
229
7 c6_high
144
22 intended_device_family
266
10 g1_initial
373
10 port_fbout
312
13 e3_time_delay
47
15 clk4_duty_cycle
194
26 clk5_use_even_counter_mode
307
13 g2_time_delay
45
14 clk4_divide_by
114
27 clk2_use_even_counter_value
214
18 extclk1_time_delay
247
6 c9_low
85
12 clk3_counter
180
15 clk4_time_delay
24
16 clk0_multiply_by
230
7 c7_high
73
10 c3_initial
29
16 clk1_multiply_by
311
13 e2_time_delay
75
5 c3_ph
249
6 l1_low
5
8 pll_type
34
16 clk2_multiply_by
18
9 lock_high
107
26 clk0_use_even_counter_mode
375
14 port_clkswitch
158
29 self_reset_on_gated_loss_lock
115
27 clk3_use_even_counter_value
215
18 extclk0_time_delay
385
17 port_configupdate
169
14 clk9_divide_by
146
10 scan_chain
39
16 clk3_multiply_by
105
22 pll_compensation_delay
231
7 c8_high
12
26 enable_switch_over_counter
11
19 switch_over_counter
211
19 extclk0_phase_shift
208
19 extclk3_phase_shift
44
16 clk4_multiply_by
369
12 port_clkloss
3
9 vital_pll
101
20 vco_phase_shift_step
151
23 invalid_lock_multiplier
157
11 down_spread
265
10 g0_initial
72
6 c3_low
210
19 extclk1_phase_shift
212
18 extclk3_time_delay
168
16 clk5_multiply_by
98
13 vco_divide_by
116
27 clk4_use_even_counter_value
289
5 c6_ph
32
15 clk1_duty_cycle
262
10 c9_initial
206
17 extclk1_divide_by
232
7 c9_high
167
16 clk6_multiply_by
95
14 c3_test_source
325
12 clk8_counter
329
15 enable0_counter
193
26 clk6_use_even_counter_mode
218
18 extclk1_duty_cycle
371
11 port_inclk0
370
11 port_inclk1
68
10 c2_initial
148
16 gate_lock_signal
166
16 clk7_multiply_by
20
14 lock_window_ui
183
15 clk1_time_delay
337
12 port_clkena0
103
13 loop_filter_r
339
12 port_clkena2
340
12 port_clkena3
341
12 port_clkena4
342
12 port_clkena5
381
14 port_scanwrite
92
14 c0_test_source
246
6 c8_low
224
11 dpa_divider
104
13 loop_filter_c
199
27 clk5_use_even_counter_value
27
15 clk0_duty_cycle
338
12 port_clkena1
165
16 clk8_multiply_by
139
13 auto_settings
52
10 vco_center
143
8 behavior
93
14 c1_test_source
295
5 g0_ph
205
17 extclk2_divide_by
292
5 c9_ph
164
16 clk9_multiply_by
219
18 extclk0_duty_cycle
248
6 l0_low
257
6 e3_low
19
8 lock_low
184
15 clk0_time_delay
99
14 vco_post_scale
108
26 clk1_use_even_counter_mode
209
19 extclk2_phase_shift
170
14 clk8_divide_by
336
8 lpm_type
321
15 extclk2_counter
33
21 clk2_output_frequency
50
7 vco_min
126
32 test_counter_c3_delay_chain_bits
216
18 extclk3_duty_cycle
306
13 g1_time_delay
59
7 c0_mode
261
10 c8_initial
67
6 c2_low
159
11 width_clock
387
14 port_phasedone
81
4 m_ph
293
5 l0_ph
324
12 clk9_counter
132
32 test_input_comp_delay_chain_bits
134
33 test_volt_reg_output_voltage_bits
298
5 g3_ph
301
5 e2_ph
65
5 c1_ph
367
12 port_clkbad1
330
15 enable1_counter
38
21 clk3_output_frequency
9
23 self_reset_on_loss_lock
63
10 c1_initial
207
17 extclk0_divide_by
366
12 port_clkbad0
310
13 e1_time_delay
284
7 e0_mode
48
7 pfd_min
163
8 skip_vco
123
32 test_counter_c0_delay_chain_bits
51
7 vco_max
82
12 clk0_counter
305
13 g0_time_delay
140
11 family_name
64
7 c1_mode
192
26 clk7_use_even_counter_mode
8
22 inclk1_input_frequency
323
15 extclk0_counter
118
24 init_block_reset_b_count
253
6 g3_low
245
6 c7_low
53
9 m_initial
280
7 g0_mode
43
21 clk4_output_frequency
112
27 clk0_use_even_counter_value
334
14 c8_test_source
309
13 e0_time_delay
49
7 pfd_max
46
16 clk4_phase_shift
285
7 e1_mode
154
15 feedback_source
124
32 test_counter_c1_delay_chain_bits
272
10 e3_initial
304
13 l1_time_delay
160
24 width_phasecounterselect
80
5 c4_ph
69
7 c2_mode
131
35 test_feedback_comp_delay_chain_bits
178
16 clk5_phase_shift
256
6 e2_low
335
14 c9_test_source
109
26 clk2_use_even_counter_mode
36
16 clk2_phase_shift
40
14 clk3_divide_by
260
10 c7_initial
332
14 c6_test_source
147
13 primary_clock
281
7 g1_mode
113
27 clk1_use_even_counter_value
327
12 clk6_counter
10
16 switch_over_type
286
7 e2_mode
333
14 c7_test_source
303
13 l0_time_delay
97
15 vco_multiply_by
155
8 lpm_hint
130
31 test_counter_n_delay_chain_bits
41
16 clk3_phase_shift
58
10 c0_initial
74
7 c3_mode
62
6 c1_low
386
23 port_phasecounterselect
175
16 clk8_phase_shift
96
14 c4_test_source
83
12 clk1_counter
120
19 lock_window_ui_bits
290
5 c7_ph
278
7 l0_mode
322
15 extclk1_counter
365
13 port_sclkout0
364
13 port_sclkout1
174
16 clk9_phase_shift
331
14 c5_test_source
314
12 n_time_delay
282
7 g2_mode
187
15 clk7_duty_cycle
287
7 e3_mode
21
11 lock_window
191
26 clk8_use_even_counter_mode
177
16 clk6_phase_shift
79
7 c4_mode
271
10 e2_initial
100
21 vco_frequency_control
133
30 test_volt_reg_output_mode_bits
]
[G
1
2
3
1
79
0
0
0
0
6 0
98
121
112
97
115
115
1
1
1 6 1 1
]
[G
1
142
143
1
10
0
0
0
0
4 0
65
85
84
79
1
1
1 4 1 1
]
[G
1
2
3
1
89
0
0
0
0
3 0
111
102
102
1
1
1 3 1 1
]
[G
1
2
3
1
138
0
0
0
0
0 0
1
1
1 0 1 1
]
[G
1
142
143
1
333
0
0
5
0
0 0
0
0
]
[G
1
142
143
1
327
0
0
0
0
2 0
99
54
1
1
1 2 1 1
]
[G
1
142
143
1
303
0
0
0
0
0 0
0
0
]
[G
1
142
143
1
97
0
0
0
0
0 0
0
0
]
[G
1
142
143
1
155
0
0
0
0
21 0
67
66
88
95
77
79
68
85
76
69
95
80
82
69
70
73
88
61
112
108
108
1
1
1 21 1 1
]
[G
1
142
143
1
41
0
0
0
0
1 1
48
1
1
1 1 1 1
]
[G
1
142
143
1
58
0
0
1
0
0 0
0
0
]
[G
1
142
143
1
74
0
0
0
0
6 0
98
121
112
97
115
115
1
1
1 6 1 1
]
[G
1
142
143
1
62
0
0
1
0
0 0
0
0
]
[G
1
2
3
1
86
0
0
0
0
6 0
117
110
117
115
101
100
1
1
1 6 1 1
]
[G
1
2
3
1
56
0
0
1
0
0 0
0
0
]
[G
1
142
143
1
286
0
0
0
0
6 0
98
121
112
97
115
115
1
1
1 6 1 1
]
[G
1
142
143
1
386
0
0
0
0
11 0
80
79
82
84
95
85
78
85
83
69
68
1
1
1 11 1 1
]
[G
1
2
3
1
88
0
0
0
0
3 0
111
102
102
1
1
1 3 1 1
]
[G
1
142
143
1
175
0
0
0
0
1 1
48
1
1
1 1 1 1
]
[G
1
142
143
1
96
0
0
5
0
0 0
0
0
]
[G
1
142
143
1
83
0
0
0
0
2 0
103
49
1
1
1 2 1 1
]
[G
1
142
143
1
290
0
0
0
0
0 0
0
0
]
[G
1
2
3
1
127
0
0
0
0
0 0
0
0
]
[G
1
142
143
1
278
0
0
0
0
6 0
98
121
112
97
115
115
1
1
1 6 1 1
]
[G
1
142
143
1
322
0
0
0
0
2 0
101
49
1
1
1 2 1 1
]
[G
1
142
143
1
365
0
0
0
0
17 0
80
79
82
84
95
67
79
78
78
69
67
84
73
86
73
84
89
1
1
1 17 1 1
]
[G
1
142
143
1
364
0
0
0
0
17 0
80
79
82
84
95
67
79
78
78
69
67
84
73
86
73
84
89
1
1
1 17 1 1
]
[G
1
2
3
1
30
0
0
15625
0
0 0
0
0
]
[G
1
142
143
1
174
0
0
0
0
1 1
48
1
1
1 1 1 1
]
[G
1
142
143
1
331
0
0
5
0
0 0
0
0
]
[G
1
2
3
1
54
0
0
0
0
0 0
0
0
]
[G
1
2
3
1
55
0
0
1
0
0 0
0
0
]
[G
1
142
143
1
314
0
0
0
0
0 0
0
0
]
[G
1
142
143
1
282
0
0
0
0
6 0
98
121
112
97
115
115
1
1
1 6 1 1
]
[G
1
2
3
1
110
0
0
0
0
3 0
111
102
102
1
1
1 3 1 1
]
[G
1
142
143
1
187
0
0
50
0
0 0
0
0
]
[G
1
142
143
1
287
0
0
0
0
6 0
98
121
112
97
115
115
1
1
1 6 1 1
]
[G
1
2
3
1
23
0
0
0
0
0 0
0
0
]
[G
1
2
3
1
35
0
0
1
0
0 0
0
0
]
[G
1
2
3
1
102
0
0
2
0
0 0
0
0
]
[G
1
142
143
1
191
0
0
0
0
3 0
79
70
70
1
1
1 3 1 1
]
[G
1
2
3
1
90
0
0
0
0
3 0
111
102
102
1
1
1 3 1 1
]
[G
1
142
143
1
177
0
0
0
0
1 1
48
1
1
1 1 1 1
]
[G
1
142
143
1
79
0
0
0
0
6 0
98
121
112
97
115
115
1
1
1 6 1 1
]
[G
1
2
3
1
141
0
0
0
0
5 0
102
97
108
115
101
1
1
1 5 1 1
]
[G
1
142
143
1
271
0
0
1
0
0 0
0
0
]
[G
1
2
3
1
7
0
0
20000
0
0 0
0
0
]
[G
1
2
3
1
61
0
0
1
0
0 0
0
0
]
[G
1
142
143
1
119
0
0
9999
0
0 0
0
0
]
[G
1
142
143
1
94
0
0
5
0
0 0
0
0
]
[G
1
142
143
1
252
0
0
1
0
0 0
0
0
]
[G
1
142
143
1
380
0
0
0
0
11 0
80
79
82
84
95
85
78
85
83
69
68
1
1
1 11 1 1
]
[G
1
142
143
1
89
0
0
0
0
3 0
111
102
102
1
1
1 3 1 1
]
[G
1
142
143
1
161
1
0
0
0
2 0
79
78
1
1
1 2 1 1
]
[G
1
142
143
1
138
0
0
0
0
6 0
85
78
85
83
69
68
1
1
1 6 1 1
]
[G
1
2
3
1
4
0
0
0
0
6 0
110
111
114
109
97
108
1
1
1 6 1 1
]
[G
1
142
143
1
244
0
0
1
0
0 0
0
0
]
[G
1
142
143
1
176
0
0
0
0
1 1
48
1
1
1 1 1 1
]
[G
1
142
143
1
100
0
0
0
0
4 0
65
85
84
79
1
1
1 4 1 1
]
[G
1
2
3
1
121
0
0
9999
0
0 0
0
0
]
[G
1
2
3
1
128
0
0
0
0
0 0
0
0
]
[G
1
2
3
1
136
0
0
-1
0
0 0
0
0
]
[G
1
2
3
1
57
0
0
1
0
0 0
0
0
]
[G
1
142
143
1
376
0
0
0
0
9 0
80
79
82
84
95
85
83
69
68
1
1
1 9 1 1
]
[G
1
142
143
1
279
0
0
0
0
6 0
98
121
112
97
115
115
1
1
1 6 1 1
]
[G
1
142
143
1
56
0
0
1
0
0 0
0
0
]
[G
1
142
143
1
283
0
0
0
0
6 0
98
121
112
97
115
115
1
1
1 6 1 1
]
[G
1
142
143
1
204
0
0
1
0
0 0
0
0
]
[G
1
142
143
1
320
0
0
0
0
2 0
101
51
1
1
1 2 1 1
]
[G
1
142
143
1
88
0
0
0
0
3 0
111
102
102
1
1
1 3 1 1
]
[G
1
142
143
1
225
0
0
1
0
0 0
0
0
]
[G
1
142
143
1
86
0
0
0
0
2 0
108
48
1
1
1 2 1 1
]
[G
1
142
143
1
296
0
0
0
0
0 0
0
0
]
[G
1
142
143
1
259
0
0
1
0
0 0
0
0
]
[G
1
142
143
1
188
0
0
50
0
0 0
0
0
]
[G
1
142
143
1
226
0
0
1
0
0 0
0
0
]
[G
1
2
3
1
28
0
0
0
0
0 0
0
0
]
[G
1
2
3
1
70
0
0
0
0
0 0
0
0
]
[G
1
142
143
1
162
0
0
0
0
3 0
111
102
102
1
1
1 3 1 1
]
[G
1
2
3
1
26
0
0
0
0
1 1
48
1
1
1 1 1 1
]
[G
1
2
3
1
15
0
0
0
0
5 0
102
97
108
115
101
1
1
1 5 1 1
]
[G
1
142
143
1
200
0
0
1
0
0 0
0
0
]
[G
1
142
143
1
221
0
0
0
0
1 1
48
1
1
1 1 1 1
]
[G
1
142
143
1
315
0
0
0
0
3 0
111
102
102
1
1
1 3 1 1
]
[G
1
142
143
1
30
0
0
15625
0
0 0
0
0
]
[G
1
142
143
1
273
0
0
0
0
6 0
98
121
112
97
115
115
1
1
1 6 1 1
]
[G
1
142
143
1
326
0
0
0
0
2 0
99
55
1
1
1 2 1 1
]
[G
1
142
143
1
255
0
0
1
0
0 0
0
0
]
[G
1
142
143
1
54
0
0
0
0
0 0
0
0
]
[G
1
142
143
1
55
0
0
1
0
0 0
0
0
]
[G
1
2
3
1
13
0
0
0
0
0 0
0
0
]
[G
1
142
143
1
392
0
0
0
0
11 0
80
79
82
84
95
85
78
85
83
69
68
1
1
1 11 1 1
]
[G
1
2
3
1
117
0
0
1
0
0 0
0
0
]
[G
1
142
143
1
110
0
0
0
0
3 0
79
70
70
1
1
1 3 1 1
]
[G
1
2
3
1
31
0
0
0
0
1 1
48
1
1
1 1 1 1
]
[G
1
2
3
1
66
0
0
1
0
0 0
0
0
]
[G
1
142
143
1
23
0
0
0
0
0 0
0
0
]
[G
1
142
143
1
35
0
0
1
0
0 0
0
0
]
[G
1
142
143
1
239
0
0
1
0
0 0
0
0
]
[G
1
142
143
1
343
0
0
0
0
17 0
80
79
82
84
95
67
79
78
78
69
67
84
73
86
73
84
89
1
1
1 17 1 1
]
[G
1
142
143
1
344
0
0
0
0
17 0
80
79
82
84
95
67
79
78
78
69
67
84
73
86
73
84
89
1
1
1 17 1 1
]
[G
1
142
143
1
102
0
0
2
0
0 0
0
0
]
[G
1
142
143
1
346
0
0
0
0
17 0
80
79
82
84
95
67
79
78
78
69
67
84
73
86
73
84
89
1
1
1 17 1 1
]
[G
1
142
143
1
90
0
0
0
0
3 0
111
102
102
1
1
1 3 1 1
]
[G
1
142
143
1
299
0
0
0
0
0 0
0
0
]
[G
1
2
3
1
125
0
0
0
0
0 0
0
0
]
[G
1
142
143
1
345
0
0
0
0
17 0
80
79
82
84
95
67
79
78
78
69
67
84
73
86
73
84
89
1
1
1 17 1 1
]
[G
1
142
143
1
7
0
0
20000
0
0 0
0
0
]
[G
1
142
143
1
61
0
0
1
0
0 0
0
0
]
[G
1
2
3
1
135
0
0
0
0
5 0
102
97
108
115
101
1
1
1 5 1 1
]
[G
1
142
143
1
121
0
0
9999
0
0 0
0
0
]
[G
1
142
143
1
317
0
0
0
0
3 0
111
102
102
1
1
1 3 1 1
]
[G
1
142
143
1
185
0
0
50
0
0 0
0
0
]
[G
1
142
143
1
4
1
0
0
0
6 0
78
79
82
77
65
76
1
1
1 6 1 1
]
[G
1
142
143
1
57
0
0
1
0
0 0
0
0
]
[G
1
142
143
1
152
0
0
0
0
3 0
79
70
70
1
1
1 3 1 1
]
[G
1
142
143
1
268
0
0
1
0
0 0
0
0
]
[G
1
142
143
1
274
0
0
0
0
6 0
98
121
112
97
115
115
1
1
1 6 1 1
]
[G
1
142
143
1
235
0
0
1
0
0 0
0
0
]
[G
1
2
3
1
71
0
0
1
0
0 0
0
0
]
[G
1
142
143
1
227
0
0
0
0
0 0
0
0
]
[G
1
142
143
1
377
0
0
0
0
11 0
80
79
82
84
95
85
78
85
83
69
68
1
1
1 11 1 1
]
[G
1
142
143
1
316
0
0
0
0
3 0
111
102
102
1
1
1 3 1 1
]
[G
1
142
143
1
294
0
0
0
0
0 0
0
0
]
[G
1
142
143
1
302
0
0
0
0
0 0
0
0
]
[G
1
2
3
1
14
0
0
0
0
4 0
97
117
116
111
1
1
1 4 1 1
]
[G
1
142
143
1
220
0
0
0
0
1 1
48
1
1
1 1 1 1
]
[G
1
142
143
1
70
0
0
0
0
0 0
0
0
]
[G
1
142
143
1
26
0
0
0
0
1 1
48
1
1
1 1 1 1
]
[G
1
142
143
1
240
0
0
1
0
0 0
0
0
]
[G
1
142
143
1
213
0
0
0
0
1 1
48
1
1
1 1 1 1
]
[G
1
2
3
1
42
0
0
50
0
0 0
0
0
]
[G
1
142
143
1
270
0
0
1
0
0 0
0
0
]
[G
1
142
143
1
28
0
0
0
0
0 0
0
0
]
[G
1
2
3
1
25
0
0
15625
0
0 0
0
0
]
[G
1
142
143
1
363
0
0
0
0
11 0
80
79
82
84
95
85
78
85
83
69
68
1
1
1 11 1 1
]
[G
1
2
3
1
129
0
0
0
0
0 0
0
0
]
[G
1
142
143
1
66
0
0
1
0
0 0
0
0
]
[G
1
142
143
1
319
0
0
0
0
3 0
111
102
102
1
1
1 3 1 1
]
[G
1
142
143
1
13
0
0
0
0
0 0
0
0
]
[G
1
142
143
1
145
0
0
0
0
3 0
79
70
70
1
1
1 3 1 1
]
[G
1
142
143
1
171
0
0
1
0
0 0
0
0
]
[G
1
2
3
1
111
0
0
0
0
3 0
111
102
102
1
1
1 3 1 1
]
[G
1
142
143
1
31
0
0
0
0
1 1
48
1
1
1 1 1 1
]
[G
1
142
143
1
190
0
0
0
0
3 0
79
70
70
1
1
1 3 1 1
]
[G
1
142
143
1
186
0
0
50
0
0 0
0
0
]
[G
1
142
143
1
203
0
0
1
0
0 0
0
0
]
[G
1
142
143
1
384
0
0
0
0
9 0
80
79
82
84
95
85
83
69
68
1
1
1 9 1 1
]
[G
1
142
143
1
149
0
0
0
0
0 0
0
0
]
[G
1
142
143
1
318
0
0
0
0
3 0
111
102
102
1
1
1 3 1 1
]
[G
1
142
143
1
328
0
0
0
0
2 0
108
49
1
1
1 2 1 1
]
[G
1
2
3
1
16
0
0
4
0
0 0
0
0
]
[G
1
142
143
1
251
0
0
1
0
0 0
0
0
]
[G
1
142
143
1
236
0
0
1
0
0 0
0
0
]
[G
1
2
3
1
76
0
0
1
0
0 0
0
0
]
[G
1
142
143
1
361
0
0
0
0
11 0
80
79
82
84
95
85
78
85
83
69
68
1
1
1 11 1 1
]
[G
1
142
143
1
275
0
0
0
0
6 0
98
121
112
97
115
115
1
1
1 6 1 1
]
[G
1
142
143
1
202
0
0
1
0
0 0
0
0
]
[G
1
2
3
1
137
0
0
-1
0
0 0
0
0
]
[G
1
142
143
1
374
0
0
0
0
11 0
80
79
82
84
95
85
78
85
83
69
68
1
1
1 11 1 1
]
[G
1
142
143
1
198
0
0
0
0
3 0
79
70
70
1
1
1 3 1 1
]
[G
1
2
3
1
37
0
0
50
0
0 0
0
0
]
[G
1
142
143
1
243
0
0
1
0
0 0
0
0
]
[G
1
2
3
1
6
0
0
0
0
4 0
99
108
107
48
1
1
1 4 1 1
]
[G
1
142
143
1
351
0
0
0
0
9 0
80
79
82
84
95
85
83
69
68
1
1
1 9 1 1
]
[G
1
142
143
1
352
0
0
0
0
9 0
80
79
82
84
95
85
83
69
68
1
1
1 9 1 1
]
[G
1
142
143
1
353
0
0
0
0
11 0
80
79
82
84
95
85
78
85
83
69
68
1
1
1 11 1 1
]
[G
1
142
143
1
354
0
0
0
0
11 0
80
79
82
84
95
85
78
85
83
69
68
1
1
1 11 1 1
]
[G
1
142
143
1
355
0
0
0
0
11 0
80
79
82
84
95
85
78
85
83
69
68
1
1
1 11 1 1
]
[G
1
142
143
1
241
0
0
1
0
0 0
0
0
]
[G
1
142
143
1
357
0
0
0
0
17 0
80
79
82
84
95
67
79
78
78
69
67
84
73
86
73
84
89
1
1
1 17 1 1
]
[G
1
142
143
1
358
0
0
0
0
17 0
80
79
82
84
95
67
79
78
78
69
67
84
73
86
73
84
89
1
1
1 17 1 1
]
[G
1
142
143
1
359
0
0
0
0
17 0
80
79
82
84
95
67
79
78
78
69
67
84
73
86
73
84
89
1
1
1 17 1 1
]
[G
1
142
143
1
360
0
0
0
0
17 0
80
79
82
84
95
67
79
78
78
69
67
84
73
86
73
84
89
1
1
1 17 1 1
]
[G
1
2
3
1
91
0
0
-1
0
0 0
0
0
]
[G
1
142
143
1
71
0
0
1
0
0 0
0
0
]
[G
1
2
3
1
17
0
0
0
0
3 0
111
102
102
1
1
1 3 1 1
]
[G
1
142
143
1
201
0
0
1
0
0 0
0
0
]
[G
1
142
143
1
356
0
0
0
0
11 0
80
79
82
84
95
85
78
85
83
69
68
1
1
1 11 1 1
]
[G
1
142
143
1
368
0
0
0
0
11 0
80
79
82
84
95
85
78
85
83
69
68
1
1
1 11 1 1
]
[G
1
142
143
1
14
0
0
0
0
4 0
65
85
84
79
1
1
1 4 1 1
]
[G
1
142
143
1
288
0
0
0
0
0 0
0
0
]
[G
1
2
3
1
84
0
0
0
0
6 0
117
110
117
115
101
100
1
1
1 6 1 1
]
[G
1
142
143
1
347
0
0
0
0
11 0
80
79
82
84
95
85
78
85
83
69
68
1
1
1 11 1 1
]
[G
1
142
143
1
348
0
0
0
0
11 0
80
79
82
84
95
85
78
85
83
69
68
1
1
1 11 1 1
]
[G
1
142
143
1
349
0
0
0
0
11 0
80
79
82
84
95
85
78
85
83
69
68
1
1
1 11 1 1
]
[G
1
142
143
1
350
0
0
0
0
11 0
80
79
82
84
95
85
78
85
83
69
68
1
1
1 11 1 1
]
[G
1
142
143
1
264
0
0
1
0
0 0
0
0
]
[G
1
142
143
1
42
0
0
50
0
0 0
0
0
]
[G
1
142
143
1
378
0
0
0
0
11 0
80
79
82
84
95
85
78
85
83
69
68
1
1
1 11 1 1
]
[G
1
142
143
1
258
0
0
1
0
0 0
0
0
]
[G
1
142
143
1
25
0
0
15625
0
0 0
0
0
]
[G
1
142
143
1
254
0
0
1
0
0 0
0
0
]
[G
1
142
143
1
233
0
0
1
0
0 0
0
0
]
[G
1
142
143
1
276
0
0
0
0
6 0
98
121
112
97
115
115
1
1
1 6 1 1
]
[G
1
142
143
1
372
0
0
0
0
11 0
80
79
82
84
95
85
78
85
83
69
68
1
1
1 11 1 1
]
[G
1
142
143
1
111
0
0
0
0
3 0
79
70
70
1
1
1 3 1 1
]
[G
1
142
143
1
237
0
0
1
0
0 0
0
0
]
[G
1
142
143
1
173
0
0
1
0
0 0
0
0
]
[G
1
2
3
1
87
0
0
0
0
3 0
111
102
102
1
1
1 3 1 1
]
[G
1
2
3
1
78
0
0
1
0
0 0
0
0
]
[G
1
142
143
1
197
0
0
0
0
3 0
79
70
70
1
1
1 3 1 1
]
[G
1
142
143
1
267
0
0
1
0
0 0
0
0
]
[G
1
2
3
1
106
0
0
0
0
10 0
102
117
110
99
116
105
111
110
97
108
1
1
1 10 1 1
]
[G
1
142
143
1
390
0
0
0
0
17 0
80
79
82
84
95
67
79
78
78
69
67
84
73
86
73
84
89
1
1
1 17 1 1
]
[G
1
142
143
1
181
0
0
0
0
1 1
48
1
1
1 1 1 1
]
[G
1
142
143
1
242
0
0
1
0
0 0
0
0
]
[G
1
142
143
1
222
0
0
0
0
0 0
0
0
]
[G
1
142
143
1
388
0
0
0
0
11 0
80
79
82
84
95
85
78
85
83
69
68
1
1
1 11 1 1
]
[G
1
2
3
1
22
0
0
0
0
3 0
111
102
102
1
1
1 3 1 1
]
[G
1
142
143
1
76
0
0
1
0
0 0
0
0
]
[G
1
142
143
1
389
0
0
0
0
11 0
80
79
82
84
95
85
78
85
83
69
68
1
1
1 11 1 1
]
[G
1
2
3
1
77
0
0
1
0
0 0
0
0
]
[G
1
142
143
1
269
0
0
1
0
0 0
0
0
]
[G
1
142
143
1
150
0
0
1
0
0 0
0
0
]
[G
1
142
143
1
313
0
0
0
0
0 0
0
0
]
[G
1
142
143
1
37
0
0
50
0
0 0
0
0
]
[G
1
142
143
1
91
0
0
5
0
0 0
0
0
]
[G
1
142
143
1
6
0
0
0
0
4 0
67
76
75
48
1
1
1 4 1 1
]
[G
1
2
3
1
122
0
0
9999
0
0 0
0
0
]
[G
1
142
143
1
217
0
0
50
0
0 0
0
0
]
[G
1
142
143
1
379
0
0
0
0
11 0
80
79
82
84
95
85
78
85
83
69
68
1
1
1 11 1 1
]
[G
1
142
143
1
17
0
0
0
0
3 0
79
70
70
1
1
1 3 1 1
]
[G
1
142
143
1
234
0
0
1
0
0 0
0
0
]
[G
1
142
143
1
277
0
0
0
0
6 0
98
121
112
97
115
115
1
1
1 6 1 1
]
[G
1
142
143
1
238
0
0
1
0
0 0
0
0
]
[G
1
142
143
1
291
0
0
0
0
0 0
0
0
]
[G
1
142
143
1
84
0
0
0
0
2 0
103
50
1
1
1 2 1 1
]
[G
1
2
3
1
60
0
0
0
0
0 0
0
0
]
[G
1
142
143
1
196
0
0
0
0
3 0
79
70
70
1
1
1 3 1 1
]
[G
1
2
3
1
47
0
0
50
0
0 0
0
0
]
[G
1
142
143
1
78
0
0
1
0
0 0
0
0
]
[G
1
142
143
1
172
0
0
1
0
0 0
0
0
]
[G
1
142
143
1
182
0
0
0
0
1 1
48
1
1
1 1 1 1
]
[G
1
142
143
1
228
0
0
1
0
0 0
0
0
]
[G
1
2
3
1
45
0
0
1
0
0 0
0
0
]
[G
1
142
143
1
153
0
0
0
0
3 0
79
70
70
1
1
1 3 1 1
]
[G
1
142
143
1
87
0
0
0
0
3 0
111
102
102
1
1
1 3 1 1
]
[G
1
142
143
1
382
0
0
0
0
17 0
80
79
82
84
95
67
79
78
78
69
67
84
73
86
73
84
89
1
1
1 17 1 1
]
[G
1
142
143
1
383
0
0
0
0
17 0
80
79
82
84
95
67
79
78
78
69
67
84
73
86
73
84
89
1
1
1 17 1 1
]
[G
1
142
143
1
106
0
0
0
0
10 0
102
117
110
99
116
105
111
110
97
108
1
1
1 10 1 1
]
[G
1
2
3
1
114
0
0
0
0
3 0
111
102
102
1
1
1 3 1 1
]
[G
1
2
3
1
24
0
0
48
0
0 0
0
0
]
[G
1
142
143
1
250
0
0
1
0
0 0
0
0
]
[G
1
142
143
1
189
0
0
50
0
0 0
0
0
]
[G
1
142
143
1
308
0
0
0
0
0 0
0
0
]
[G
1
2
3
1
85
0
0
0
0
6 0
117
110
117
115
101
100
1
1
1 6 1 1
]
[G
1
142
143
1
77
0
0
1
0
0 0
0
0
]
[G
1
142
143
1
263
0
0
1
0
0 0
0
0
]
[G
1
142
143
1
156
0
0
0
0
0 0
0
0
]
[G
1
2
3
1
73
0
0
1
0
0 0
0
0
]
[G
1
142
143
1
223
0
0
0
0
0 0
0
0
]
[G
1
2
3
1
29
0
0
36
0
0 0
0
0
]
[G
1
142
143
1
195
0
0
0
0
3 0
79
70
70
1
1
1 3 1 1
]
[G
1
142
143
1
122
0
0
9999
0
0 0
0
0
]
[G
1
142
143
1
362
0
0
0
0
11 0
80
79
82
84
95
85
78
85
83
69
68
1
1
1 11 1 1
]
[G
1
142
143
1
297
0
0
0
0
0 0
0
0
]
[G
1
142
143
1
179
0
0
0
0
1 1
48
1
1
1 1 1 1
]
[G
1
142
143
1
391
0
0
0
0
17 0
80
79
82
84
95
67
79
78
78
69
67
84
73
86
73
84
89
1
1
1 17 1 1
]
[G
1
142
143
1
300
0
0
0
0
0 0
0
0
]
[G
1
2
3
1
75
0
0
0
0
0 0
0
0
]
[G
1
142
143
1
60
0
0
0
0
0 0
0
0
]
[G
1
142
143
1
229
0
0
1
0
0 0
0
0
]
[G
1
142
143
1
144
1
0
0
0
6 0
77
65
88
32
49
48
1
1
1 6 1 1
]
[G
1
142
143
1
266
0
0
1
0
0 0
0
0
]
[G
1
2
3
1
5
0
0
0
0
4 0
97
117
116
111
1
1
1 4 1 1
]
[G
1
2
3
1
34
0
0
1
0
0 0
0
0
]
[G
1
142
143
1
373
0
0
0
0
17 0
80
79
82
84
95
67
79
78
78
69
67
84
73
86
73
84
89
1
1
1 17 1 1
]
[G
1
2
3
1
18
0
0
1
0
0 0
0
0
]
[G
1
2
3
1
107
0
0
0
0
3 0
111
102
102
1
1
1 3 1 1
]
[G
1
142
143
1
47
0
0
50
0
0 0
0
0
]
[G
1
2
3
1
115
0
0
0
0
3 0
111
102
102
1
1
1 3 1 1
]
[G
1
142
143
1
312
0
0
0
0
0 0
0
0
]
[G
1
142
143
1
194
0
0
0
0
3 0
79
70
70
1
1
1 3 1 1
]
[G
1
142
143
1
307
0
0
0
0
0 0
0
0
]
[G
1
142
143
1
45
0
0
1
0
0 0
0
0
]
[G
1
2
3
1
39
0
0
1
0
0 0
0
0
]
[G
1
2
3
1
105
0
0
0
0
0 0
0
0
]
[G
1
2
3
1
12
0
0
0
0
3 0
111
102
102
1
1
1 3 1 1
]
[G
1
142
143
1
114
0
0
0
0
3 0
79
70
70
1
1
1 3 1 1
]
[G
1
142
143
1
214
0
0
0
0
1 1
48
1
1
1 1 1 1
]
[G
1
142
143
1
247
0
0
1
0
0 0
0
0
]
[G
1
2
3
1
44
0
0
1
0
0 0
0
0
]
[G
1
142
143
1
180
0
0
0
0
1 1
48
1
1
1 1 1 1
]
[G
1
2
3
1
11
0
0
0
0
0 0
0
0
]
[G
1
142
143
1
24
0
0
48
0
0 0
0
0
]
[G
1
2
3
1
101
0
0
0
0
0 0
0
0
]
[G
1
142
143
1
230
0
0
1
0
0 0
0
0
]
[G
1
142
143
1
85
0
0
0
0
2 0
103
51
1
1
1 2 1 1
]
[G
1
2
3
1
72
0
0
1
0
0 0
0
0
]
[G
1
142
143
1
73
0
0
1
0
0 0
0
0
]
[G
1
142
143
1
29
0
0
36
0
0 0
0
0
]
[G
1
142
143
1
311
0
0
0
0
0 0
0
0
]
[G
1
2
3
1
98
0
0
0
0
0 0
0
0
]
[G
1
2
3
1
116
0
0
0
0
3 0
111
102
102
1
1
1 3 1 1
]
[G
1
142
143
1
75
0
0
0
0
0 0
0
0
]
[G
1
2
3
1
32
0
0
50
0
0 0
0
0
]
[G
1
142
143
1
249
0
0
1
0
0 0
0
0
]
[G
1
142
143
1
5
0
0
0
0
4 0
65
85
84
79
1
1
1 4 1 1
]
[G
1
142
143
1
34
0
0
1
0
0 0
0
0
]
[G
1
142
143
1
18
0
0
1
0
0 0
0
0
]
[G
1
142
143
1
107
0
0
0
0
3 0
79
70
70
1
1
1 3 1 1
]
[G
1
2
3
1
95
0
0
-1
0
0 0
0
0
]
[G
1
142
143
1
375
0
0
0
0
11 0
80
79
82
84
95
85
78
85
83
69
68
1
1
1 11 1 1
]
[G
1
142
143
1
158
0
0
0
0
3 0
79
70
70
1
1
1 3 1 1
]
[G
1
142
143
1
115
0
0
0
0
3 0
79
70
70
1
1
1 3 1 1
]
[G
1
142
143
1
215
0
0
0
0
1 1
48
1
1
1 1 1 1
]
[G
1
142
143
1
385
0
0
0
0
11 0
80
79
82
84
95
85
78
85
83
69
68
1
1
1 11 1 1
]
[G
1
142
143
1
169
0
0
1
0
0 0
0
0
]
[G
1
142
143
1
146
0
0
0
0
4 0
76
79
78
71
1
1
1 4 1 1
]
[G
1
142
143
1
39
0
0
1
0
0 0
0
0
]
[G
1
142
143
1
231
0
0
1
0
0 0
0
0
]
[G
1
142
143
1
12
0
0
0
0
3 0
79
70
70
1
1
1 3 1 1
]
[G
1
2
3
1
20
0
0
0
0
4 0
48
46
48
53
1
1
1 4 1 1
]
[G
1
2
3
1
103
0
0
0
0
9 0
32
49
46
48
48
48
48
48
48
1
1
1 9 1 1
]
[G
1
2
3
1
68
0
0
1
0
0 0
0
0
]
[G
1
142
143
1
11
0
0
0
0
0 0
0
0
]
[G
1
2
3
1
92
0
0
-1
0
0 0
0
0
]
[G
1
2
3
1
104
0
0
5
0
0 0
0
0
]
[G
1
142
143
1
44
0
0
1
0
0 0
0
0
]
[G
1
142
143
1
369
0
0
0
0
11 0
80
79
82
84
95
85
78
85
83
69
68
1
1
1 11 1 1
]
[G
1
142
143
1
211
0
0
0
0
1 1
48
1
1
1 1 1 1
]
[G
1
142
143
1
72
0
0
1
0
0 0
0
0
]
[G
1
2
3
1
27
0
0
50
0
0 0
0
0
]
[G
1
142
143
1
208
0
0
0
0
1 1
48
1
1
1 1 1 1
]
[G
1
142
143
1
151
0
0
5
0
0 0
0
0
]
[G
1
142
143
1
157
0
0
0
0
3 0
48
46
48
1
1
1 3 1 1
]
[G
1
142
143
1
265
0
0
1
0
0 0
0
0
]
[G
1
142
143
1
212
0
0
0
0
1 1
48
1
1
1 1 1 1
]
[G
1
2
3
1
139
0
0
0
0
4 0
116
114
117
101
1
1
1 4 1 1
]
[G
1
2
3
1
52
0
0
0
0
0 0
0
0
]
[G
1
2
3
1
93
0
0
-1
0
0 0
0
0
]
[G
1
142
143
1
101
0
0
0
0
0 0
0
0
]
[G
1
142
143
1
168
0
0
1
0
0 0
0
0
]
[G
1
142
143
1
98
0
0
0
0
0 0
0
0
]
[G
1
142
143
1
116
0
0
0
0
3 0
79
70
70
1
1
1 3 1 1
]
[G
1
142
143
1
210
0
0
0
0
1 1
48
1
1
1 1 1 1
]
[G
1
142
143
1
289
0
0
0
0
0 0
0
0
]
[G
1
142
143
1
32
0
0
50
0
0 0
0
0
]
[G
1
142
143
1
262
0
0
1
0
0 0
0
0
]
[G
1
142
143
1
206
0
0
1
0
0 0
0
0
]
[G
1
142
143
1
232
0
0
1
0
0 0
0
0
]
[G
1
2
3
1
19
0
0
0
0
0 0
0
0
]
[G
1
2
3
1
99
0
0
1
0
0 0
0
0
]
[G
1
142
143
1
167
0
0
1
0
0 0
0
0
]
[G
1
142
143
1
95
0
0
5
0
0 0
0
0
]
[G
1
142
143
1
325
0
0
0
0
2 0
99
56
1
1
1 2 1 1
]
[G
1
142
143
1
329
0
0
0
0
2 0
108
48
1
1
1 2 1 1
]
[G
1
2
3
1
108
0
0
0
0
3 0
111
102
102
1
1
1 3 1 1
]
[G
1
2
3
1
33
0
0
0
0
0 0
0
0
]
[G
1
142
143
1
218
0
0
50
0
0 0
0
0
]
[G
1
142
143
1
371
0
0
0
0
9 0
80
79
82
84
95
85
83
69
68
1
1
1 9 1 1
]
[G
1
142
143
1
370
0
0
0
0
11 0
80
79
82
84
95
85
78
85
83
69
68
1
1
1 11 1 1
]
[G
1
142
143
1
193
0
0
0
0
3 0
79
70
70
1
1
1 3 1 1
]
[G
1
142
143
1
68
0
0
1
0
0 0
0
0
]
[G
1
142
143
1
148
0
0
0
0
2 0
78
79
1
1
1 2 1 1
]
[G
1
2
3
1
50
0
0
0
0
0 0
0
0
]
[G
1
2
3
1
126
0
0
0
0
0 0
0
0
]
[G
1
142
143
1
20
0
0
0
0
4 0
48
46
48
53
1
1
1 4 1 1
]
[G
1
142
143
1
183
0
0
0
0
1 1
48
1
1
1 1 1 1
]
[G
1
142
143
1
337
0
0
0
0
11 0
80
79
82
84
95
85
78
85
83
69
68
1
1
1 11 1 1
]
[G
1
142
143
1
103
0
0
0
0
9 0
32
49
46
48
48
48
48
48
48
1
1
1 9 1 1
]
[G
1
142
143
1
339
0
0
0
0
11 0
80
79
82
84
95
85
78
85
83
69
68
1
1
1 11 1 1
]
[G
1
142
143
1
340
0
0
0
0
11 0
80
79
82
84
95
85
78
85
83
69
68
1
1
1 11 1 1
]
[G
1
142
143
1
341
0
0
0
0
11 0
80
79
82
84
95
85
78
85
83
69
68
1
1
1 11 1 1
]
[G
1
142
143
1
342
0
0
0
0
11 0
80
79
82
84
95
85
78
85
83
69
68
1
1
1 11 1 1
]
[G
1
142
143
1
381
0
0
0
0
11 0
80
79
82
84
95
85
78
85
83
69
68
1
1
1 11 1 1
]
[G
1
142
143
1
166
0
0
1
0
0 0
0
0
]
[G
1
2
3
1
59
0
0
0
0
6 0
98
121
112
97
115
115
1
1
1 6 1 1
]
[G
1
142
143
1
92
0
0
5
0
0 0
0
0
]
[G
1
142
143
1
246
0
0
1
0
0 0
0
0
]
[G
1
142
143
1
224
0
0
0
0
0 0
0
0
]
[G
1
142
143
1
104
0
0
5
0
0 0
0
0
]
[G
1
142
143
1
199
0
0
0
0
3 0
79
70
70
1
1
1 3 1 1
]
[G
1
2
3
1
67
0
0
1
0
0 0
0
0
]
[G
1
142
143
1
27
0
0
50
0
0 0
0
0
]
[G
1
2
3
1
81
0
0
0
0
0 0
0
0
]
[G
1
142
143
1
165
0
0
1
0
0 0
0
0
]
[G
1
142
143
1
338
0
0
0
0
11 0
80
79
82
84
95
85
78
85
83
69
68
1
1
1 11 1 1
]
[G
1
142
143
1
52
0
0
0
0
0 0
0
0
]
[G
1
142
143
1
93
0
0
5
0
0 0
0
0
]
[G
1
2
3
1
132
0
0
0
0
0 0
0
0
]
[G
1
2
3
1
134
0
0
0
0
0 0
0
0
]
[G
1
142
143
1
295
0
0
0
0
0 0
0
0
]
[G
1
142
143
1
205
0
0
1
0
0 0
0
0
]
[G
1
142
143
1
292
0
0
0
0
0 0
0
0
]
[G
1
142
143
1
164
0
0
1
0
0 0
0
0
]
[G
1
2
3
1
9
0
0
0
0
3 0
111
102
102
1
1
1 3 1 1
]
[G
1
2
3
1
63
0
0
1
0
0 0
0
0
]
[G
1
142
143
1
219
0
0
50
0
0 0
0
0
]
[G
1
142
143
1
248
0
0
1
0
0 0
0
0
]
[G
1
142
143
1
257
0
0
1
0
0 0
0
0
]
[G
1
2
3
1
38
0
0
0
0
0 0
0
0
]
[G
1
2
3
1
51
0
0
0
0
0 0
0
0
]
[G
1
2
3
1
48
0
0
0
0
0 0
0
0
]
[G
1
142
143
1
19
0
0
0
0
0 0
0
0
]
[G
1
2
3
1
123
0
0
0
0
0 0
0
0
]
[G
1
2
3
1
65
0
0
0
0
0 0
0
0
]
[G
1
142
143
1
99
0
0
0
0
0 0
0
0
]
[G
1
142
143
1
108
0
0
0
0
3 0
79
70
70
1
1
1 3 1 1
]
[G
1
142
143
1
209
0
0
0
0
1 1
48
1
1
1 1 1 1
]
[G
1
2
3
1
82
0
0
0
0
2 0
99
48
1
1
1 2 1 1
]
[G
1
2
3
1
140
0
0
0
0
6 0
77
65
88
32
49
48
1
1
1 6 1 1
]
[G
1
142
143
1
170
0
0
1
0
0 0
0
0
]
[G
1
2
3
1
64
0
0
0
0
6 0
98
121
112
97
115
115
1
1
1 6 1 1
]
[G
1
142
143
1
184
0
0
0
0
1 1
48
1
1
1 1 1 1
]
[G
1
2
3
1
8
0
0
0
0
0 0
0
0
]
[G
1
142
143
1
33
0
0
0
0
0 0
0
0
]
[G
1
142
143
1
336
0
0
0
0
6 0
97
108
116
112
108
108
1
1
1 6 1 1
]
[G
1
142
143
1
321
0
0
0
0
2 0
101
50
1
1
1 2 1 1
]
[G
1
2
3
1
118
0
0
1
0
0 0
0
0
]
[G
1
142
143
1
50
0
0
0
0
0 0
0
0
]
[G
1
142
143
1
216
0
0
50
0
0 0
0
0
]
[G
1
142
143
1
306
0
0
0
0
0 0
0
0
]
[G
1
142
143
1
59
0
0
0
0
6 0
98
121
112
97
115
115
1
1
1 6 1 1
]
[G
1
2
3
1
53
0
0
1
0
0 0
0
0
]
[G
1
142
143
1
261
0
0
1
0
0 0
0
0
]
[G
1
142
143
1
67
0
0
1
0
0 0
0
0
]
[G
1
142
143
1
159
1
0
5
0
0 0
0
0
]
[G
1
142
143
1
387
0
0
0
0
11 0
80
79
82
84
95
85
78
85
83
69
68
1
1
1 11 1 1
]
[G
1
142
143
1
81
0
0
0
0
0 0
0
0
]
[G
1
2
3
1
112
0
0
0
0
3 0
111
102
102
1
1
1 3 1 1
]
[G
1
2
3
1
49
0
0
0
0
0 0
0
0
]
[G
1
2
3
1
43
0
0
0
0
0 0
0
0
]
[G
1
2
3
1
124
0
0
0
0
0 0
0
0
]
[G
1
142
143
1
324
0
0
0
0
2 0
99
57
1
1
1 2 1 1
]
[G
1
142
143
1
330
0
0
0
0
2 0
108
48
1
1
1 2 1 1
]
[G
1
142
143
1
298
0
0
0
0
0 0
0
0
]
[G
1
2
3
1
46
0
0
0
0
1 1
48
1
1
1 1 1 1
]
[G
1
142
143
1
301
0
0
0
0
0 0
0
0
]
[G
1
2
3
1
80
0
0
0
0
0 0
0
0
]
[G
1
2
3
1
69
0
0
0
0
6 0
98
121
112
97
115
115
1
1
1 6 1 1
]
[G
1
142
143
1
367
0
0
0
0
11 0
80
79
82
84
95
85
78
85
83
69
68
1
1
1 11 1 1
]
[G
1
142
143
1
9
0
0
0
0
3 0
79
70
70
1
1
1 3 1 1
]
[G
1
142
143
1
293
0
0
0
0
0 0
0
0
]
[G
1
142
143
1
63
0
0
1
0
0 0
0
0
]
[G
1
142
143
1
207
0
0
1
0
0 0
0
0
]
[G
1
142
143
1
65
0
0
0
0
0 0
0
0
]
[G
1
142
143
1
310
0
0
0
0
0 0
0
0
]
[G
1
2
3
1
131
0
0
0
0
0 0
0
0
]
[G
1
142
143
1
48
0
0
0
0
0 0
0
0
]
[G
1
142
143
1
163
0
0
0
0
3 0
111
102
102
1
1
1 3 1 1
]
[G
1
142
143
1
366
0
0
0
0
11 0
80
79
82
84
95
85
78
85
83
69
68
1
1
1 11 1 1
]
[G
1
2
3
1
109
0
0
0
0
3 0
111
102
102
1
1
1 3 1 1
]
[G
1
142
143
1
51
0
0
0
0
0 0
0
0
]
[G
1
142
143
1
82
0
0
0
0
2 0
103
48
1
1
1 2 1 1
]
[G
1
2
3
1
36
0
0
0
0
1 1
48
1
1
1 1 1 1
]
[G
1
2
3
1
40
0
0
1
0
0 0
0
0
]
[G
1
142
143
1
64
0
0
0
0
6 0
98
121
112
97
115
115
1
1
1 6 1 1
]
[G
1
142
143
1
192
0
0
0
0
3 0
79
70
70
1
1
1 3 1 1
]
[G
1
142
143
1
8
0
0
0
0
0 0
0
0
]
[G
1
142
143
1
284
0
0
0
0
6 0
98
121
112
97
115
115
1
1
1 6 1 1
]
[G
1
142
143
1
305
0
0
0
0
0 0
0
0
]
[G
1
142
143
1
323
0
0
0
0
2 0
101
48
1
1
1 2 1 1
]
[G
1
2
3
1
113
0
0
0
0
3 0
111
102
102
1
1
1 3 1 1
]
[G
1
142
143
1
253
0
0
1
0
0 0
0
0
]
[G
1
2
3
1
41
0
0
0
0
1 1
48
1
1
1 1 1 1
]
[G
1
2
3
1
97
0
0
0
0
0 0
0
0
]
[G
1
2
3
1
130
0
0
0
0
0 0
0
0
]
[G
1
142
143
1
53
0
0
1
0
0 0
0
0
]
[G
1
142
143
1
280
0
0
0
0
6 0
98
121
112
97
115
115
1
1
1 6 1 1
]
[G
1
2
3
1
74
0
0
0
0
6 0
98
121
112
97
115
115
1
1
1 6 1 1
]
[G
1
2
3
1
62
0
0
1
0
0 0
0
0
]
[G
1
2
3
1
10
0
0
0
0
4 0
97
117
116
111
1
1
1 4 1 1
]
[G
1
142
143
1
46
0
0
0
0
1 1
48
1
1
1 1 1 1
]
[G
1
2
3
1
58
0
0
1
0
0 0
0
0
]
[G
1
142
143
1
112
0
0
0
0
3 0
79
70
70
1
1
1 3 1 1
]
[G
1
142
143
1
334
0
0
5
0
0 0
0
0
]
[G
1
142
143
1
272
0
0
1
0
0 0
0
0
]
[G
1
142
143
1
49
0
0
0
0
0 0
0
0
]
[G
1
142
143
1
245
0
0
1
0
0 0
0
0
]
[G
1
142
143
1
160
1
0
4
0
0 0
0
0
]
[G
1
2
3
1
96
0
0
-1
0
0 0
0
0
]
[G
1
2
3
1
83
0
0
0
0
2 0
99
49
1
1
1 2 1 1
]
[G
1
2
3
1
120
0
0
0
0
0 0
0
0
]
[G
1
142
143
1
309
0
0
0
0
0 0
0
0
]
[G
1
142
143
1
304
0
0
0
0
0 0
0
0
]
[G
1
142
143
1
285
0
0
0
0
6 0
98
121
112
97
115
115
1
1
1 6 1 1
]
[G
1
142
143
1
154
0
0
0
0
7 0
69
88
84
67
76
75
48
1
1
1 7 1 1
]
[G
1
142
143
1
80
0
0
0
0
0 0
0
0
]
[G
1
142
143
1
178
0
0
0
0
1 1
48
1
1
1 1 1 1
]
[G
1
142
143
1
335
0
0
5
0
0 0
0
0
]
[G
1
142
143
1
69
0
0
0
0
6 0
98
121
112
97
115
115
1
1
1 6 1 1
]
[G
1
142
143
1
256
0
0
1
0
0 0
0
0
]
[G
1
142
143
1
109
0
0
0
0
3 0
79
70
70
1
1
1 3 1 1
]
[G
1
142
143
1
36
0
0
0
0
1 1
48
1
1
1 1 1 1
]
[G
1
142
143
1
40
0
0
1
0
0 0
0
0
]
[G
1
142
143
1
260
0
0
1
0
0 0
0
0
]
[G
1
142
143
1
332
0
0
5
0
0 0
0
0
]
[G
1
142
143
1
147
0
0
0
0
6 0
105
110
99
108
107
48
1
1
1 6 1 1
]
[G
1
2
3
1
21
0
0
0
0
8 8
-120
19
0
0
0
0
0
0
0
0
]
[G
1
142
143
1
281
0
0
0
0
6 0
98
121
112
97
115
115
1
1
1 6 1 1
]
[G
1
2
3
1
94
0
0
-1
0
0 0
0
0
]
[G
1
2
3
1
100
0
0
0
0
4 0
97
117
116
111
1
1
1 4 1 1
]
[G
1
2
3
1
133
0
0
0
0
0 0
0
0
]
[G
1
142
143
1
113
0
0
0
0
3 0
79
70
70
1
1
1 3 1 1
]
[G
1
2
3
1
119
0
0
9999
0
0 0
0
0
]
